solid OpenSCAD_Model
  facet normal -0.760405965600031 -0.6494480483301834 8.798553185222402e-19
    outer loop
      vertex 0.3819660112501051 0.8244294954150537 0
      vertex 0.5857864376269049 0.5857864376269049 0
      vertex 0.5857864376269049 0.5857864376269049 8.5
    endloop
  endfacet
  facet normal -0.6494480483301834 -0.760405965600031 0
    outer loop
      vertex 0.5857864376269049 0.5857864376269049 0
      vertex 0.8244294954150537 0.3819660112501051 0
      vertex 0.5857864376269049 0.5857864376269049 8.5
    endloop
  endfacet
  facet normal -0.8526401643540923 -0.5224985647159487 -3.1960219952951613e-19
    outer loop
      vertex 0.3819660112501051 0.8244294954150537 0
      vertex 0.2179869516232642 1.0920190005209065 8.5
      vertex 0.2179869516232642 1.0920190005209065 0
    endloop
  endfacet
  facet normal -0.9238795325112868 -0.3826834323650895 0
    outer loop
      vertex 0.2179869516232642 1.0920190005209065 0
      vertex 0.2179869516232642 1.0920190005209065 8.5
      vertex 0.09788696740969294 1.381966011250105 0
    endloop
  endfacet
  facet normal -0.9723699203976764 -0.23344536385590584 4.865739047210114e-19
    outer loop
      vertex 0.09788696740969294 1.381966011250105 0
      vertex 0.02462331880972446 1.6871310699195383 8.5
      vertex 0.02462331880972446 1.6871310699195383 0
    endloop
  endfacet
  facet normal -0.5224985647159487 -0.8526401643540923 -3.1960219952951613e-19
    outer loop
      vertex 0.8244294954150537 0.3819660112501051 0
      vertex 1.0920190005209065 0.2179869516232642 0
      vertex 1.0920190005209065 0.2179869516232642 8.5
    endloop
  endfacet
  facet normal -0.3826834323650895 -0.9238795325112868 0
    outer loop
      vertex 1.0920190005209065 0.2179869516232642 0
      vertex 1.381966011250105 0.09788696740969294 0
      vertex 1.0920190005209065 0.2179869516232642 8.5
    endloop
  endfacet
  facet normal -0.9969173337331281 -0.07845909572784468 -1.3777511721682534e-19
    outer loop
      vertex 0.02462331880972446 1.6871310699195383 0
      vertex 0 2 8.5
      vertex 0 2 0
    endloop
  endfacet
  facet normal -0.23344536385590584 -0.9723699203976764 4.865739047210114e-19
    outer loop
      vertex 1.381966011250105 0.09788696740969294 0
      vertex 1.6871310699195383 0.02462331880972446 0
      vertex 1.6871310699195383 0.02462331880972446 8.5
    endloop
  endfacet
  facet normal -0.07845909572784468 -0.9969173337331281 0
    outer loop
      vertex 1.6871310699195383 0.02462331880972446 0
      vertex 2 0 0
      vertex 1.6871310699195383 0.02462331880972446 8.5
    endloop
  endfacet
  facet normal 0 -1 0
    outer loop
      vertex 2 0 0
      vertex 6.449999999999999 0 2
      vertex 6.449999999999999 0 6.2
    endloop
  endfacet
  facet normal -0.760405965600031 -0.6494480483301834 0
    outer loop
      vertex 0.3819660112501051 0.8244294954150537 0
      vertex 0.5857864376269049 0.5857864376269049 8.5
      vertex 0.3819660112501051 0.8244294954150537 8.5
    endloop
  endfacet
  facet normal -0.9238795325112868 -0.3826834323650895 0
    outer loop
      vertex 0.09788696740969294 1.381966011250105 0
      vertex 0.2179869516232642 1.0920190005209065 8.5
      vertex 0.09788696740969294 1.381966011250105 8.5
    endloop
  endfacet
  facet normal -0.8526401643540923 -0.5224985647159487 0
    outer loop
      vertex 0.3819660112501051 0.8244294954150537 0
      vertex 0.3819660112501051 0.8244294954150537 8.5
      vertex 0.2179869516232642 1.0920190005209065 8.5
    endloop
  endfacet
  facet normal -0.9723699203976764 -0.23344536385590584 0
    outer loop
      vertex 0.09788696740969294 1.381966011250105 0
      vertex 0.09788696740969294 1.381966011250105 8.5
      vertex 0.02462331880972446 1.6871310699195383 8.5
    endloop
  endfacet
  facet normal -0.9969173337331281 -0.07845909572784468 0
    outer loop
      vertex 0.02462331880972446 1.6871310699195383 0
      vertex 0.02462331880972446 1.6871310699195383 8.5
      vertex 0 2 8.5
    endloop
  endfacet
  facet normal -0.6494480483301834 -0.760405965600031 0
    outer loop
      vertex 0.8244294954150537 0.3819660112501051 0
      vertex 0.8244294954150537 0.3819660112501051 8.5
      vertex 0.5857864376269049 0.5857864376269049 8.5
    endloop
  endfacet
  facet normal -0.5224985647159487 -0.8526401643540923 0
    outer loop
      vertex 0.8244294954150537 0.3819660112501051 0
      vertex 1.0920190005209065 0.2179869516232642 8.5
      vertex 0.8244294954150537 0.3819660112501051 8.5
    endloop
  endfacet
  facet normal -0.3826834323650895 -0.9238795325112868 0
    outer loop
      vertex 1.381966011250105 0.09788696740969294 0
      vertex 1.381966011250105 0.09788696740969294 8.5
      vertex 1.0920190005209065 0.2179869516232642 8.5
    endloop
  endfacet
  facet normal -0.23344536385590584 -0.9723699203976764 0
    outer loop
      vertex 1.381966011250105 0.09788696740969294 0
      vertex 1.6871310699195383 0.02462331880972446 8.5
      vertex 1.381966011250105 0.09788696740969294 8.5
    endloop
  endfacet
  facet normal -0.07845909572784468 -0.9969173337331281 0
    outer loop
      vertex 2 0 0
      vertex 2 0 8.5
      vertex 1.6871310699195383 0.02462331880972446 8.5
    endloop
  endfacet
  facet normal -1 0 0
    outer loop
      vertex 0 2 0
      vertex 0 2 8.5
      vertex 0 11 3
    endloop
  endfacet
  facet normal 0 -1 0
    outer loop
      vertex 2 0 0
      vertex 6.449999999999999 0 6.2
      vertex 2 0 8.5
    endloop
  endfacet
  facet normal -1 0 0
    outer loop
      vertex 0 2 0
      vertex 0 11 3
      vertex 0 17 3
    endloop
  endfacet
  facet normal -1 0 0
    outer loop
      vertex 0 11 3
      vertex 0 2 8.5
      vertex 0 11 6
    endloop
  endfacet
  facet normal 0 -1 0
    outer loop
      vertex 2 0 0
      vertex 20.4 0 0
      vertex 6.449999999999999 0 2
    endloop
  endfacet
  facet normal 0 0 -1
    outer loop
      vertex 0.3819660112501051 0.8244294954150537 0
      vertex 21.575570504584945 27.618033988749893 0
      vertex 0.5857864376269049 0.5857864376269049 0
    endloop
  endfacet
  facet normal 0 0 -1
    outer loop
      vertex 0.3819660112501051 0.8244294954150537 0
      vertex 0.2179869516232642 1.0920190005209065 0
      vertex 21.575570504584945 27.618033988749893 0
    endloop
  endfacet
  facet normal 0 0 -1
    outer loop
      vertex 0.5857864376269049 0.5857864376269049 0
      vertex 21.575570504584945 27.618033988749893 0
      vertex 0.8244294954150537 0.3819660112501051 0
    endloop
  endfacet
  facet normal 0 0 -1
    outer loop
      vertex 0.2179869516232642 1.0920190005209065 0
      vertex 0.09788696740969294 1.381966011250105 0
      vertex 21.575570504584945 27.618033988749893 0
    endloop
  endfacet
  facet normal 0 0 -1
    outer loop
      vertex 0.09788696740969294 1.381966011250105 0
      vertex 0.02462331880972446 1.6871310699195383 0
      vertex 21.575570504584945 27.618033988749893 0
    endloop
  endfacet
  facet normal 0 0 -1
    outer loop
      vertex 0.02462331880972446 1.6871310699195383 0
      vertex 0 2 0
      vertex 21.575570504584945 27.618033988749893 0
    endloop
  endfacet
  facet normal 0 0 -1
    outer loop
      vertex 0.8244294954150537 0.3819660112501051 0
      vertex 21.575570504584945 27.618033988749893 0
      vertex 1.0920190005209065 0.2179869516232642 0
    endloop
  endfacet
  facet normal 0 0 -1
    outer loop
      vertex 1.0920190005209065 0.2179869516232642 0
      vertex 21.575570504584945 27.618033988749893 0
      vertex 1.381966011250105 0.09788696740969294 0
    endloop
  endfacet
  facet normal 0 0 -1
    outer loop
      vertex 1.381966011250105 0.09788696740969294 0
      vertex 21.575570504584945 27.618033988749893 0
      vertex 1.6871310699195383 0.02462331880972446 0
    endloop
  endfacet
  facet normal 0 0 -1
    outer loop
      vertex 1.6871310699195383 0.02462331880972446 0
      vertex 21.575570504584945 27.618033988749893 0
      vertex 2 0 0
    endloop
  endfacet
  facet normal 0 0 1
    outer loop
      vertex 0.8244294954150537 0.3819660112501051 8.5
      vertex 1.0920190005209065 0.2179869516232642 8.5
      vertex 2 2 8.5
    endloop
  endfacet
  facet normal 0 0 1
    outer loop
      vertex 0.3819660112501051 0.8244294954150537 8.5
      vertex 2 2 8.5
      vertex 0.2179869516232642 1.0920190005209065 8.5
    endloop
  endfacet
  facet normal 0 0 1
    outer loop
      vertex 0.3819660112501051 0.8244294954150537 8.5
      vertex 0.5857864376269049 0.5857864376269049 8.5
      vertex 2 2 8.5
    endloop
  endfacet
  facet normal 0 0 1
    outer loop
      vertex 0.2179869516232642 1.0920190005209065 8.5
      vertex 2 2 8.5
      vertex 0.09788696740969294 1.381966011250105 8.5
    endloop
  endfacet
  facet normal 0 0 1
    outer loop
      vertex 0.09788696740969294 1.381966011250105 8.5
      vertex 2 2 8.5
      vertex 0.02462331880972446 1.6871310699195383 8.5
    endloop
  endfacet
  facet normal 0 0 1
    outer loop
      vertex 0.5857864376269049 0.5857864376269049 8.5
      vertex 0.8244294954150537 0.3819660112501051 8.5
      vertex 2 2 8.5
    endloop
  endfacet
  facet normal 0 0 1
    outer loop
      vertex 0.02462331880972446 1.6871310699195383 8.5
      vertex 2 2 8.5
      vertex 0 2 8.5
    endloop
  endfacet
  facet normal 0 0 1
    outer loop
      vertex 1.0920190005209065 0.2179869516232642 8.5
      vertex 1.381966011250105 0.09788696740969294 8.5
      vertex 2 2 8.5
    endloop
  endfacet
  facet normal 0 0 1
    outer loop
      vertex 1.381966011250105 0.09788696740969294 8.5
      vertex 1.6871310699195383 0.02462331880972446 8.5
      vertex 2 2 8.5
    endloop
  endfacet
  facet normal 0 0 1
    outer loop
      vertex 1.6871310699195383 0.02462331880972446 8.5
      vertex 2 0 8.5
      vertex 2 2 8.5
    endloop
  endfacet
  facet normal -1 0 0
    outer loop
      vertex 0 11 6
      vertex 0 2 8.5
      vertex 0 17 6
    endloop
  endfacet
  facet normal 0 0 1
    outer loop
      vertex 0 2 8.5
      vertex 2 2 8.5
      vertex 2 25 8.5
    endloop
  endfacet
  facet normal 0 -1 0
    outer loop
      vertex 6.449999999999999 0 6.2
      vertex 15.95 0 6.2
      vertex 2 0 8.5
    endloop
  endfacet
  facet normal 0 0 1
    outer loop
      vertex 2 0 8.5
      vertex 20.4 0 8.5
      vertex 2 2 8.5
    endloop
  endfacet
  facet normal -1 0 0
    outer loop
      vertex 0 2 0
      vertex 0 17 3
      vertex 0 26 0
    endloop
  endfacet
  facet normal -1 0 0
    outer loop
      vertex 0 17 3
      vertex 0 17 6
      vertex 0 26 0
    endloop
  endfacet
  facet normal -0.9969173337331281 0.07845909572784451 0
    outer loop
      vertex 0 26 0
      vertex 0 26 8.5
      vertex 0.02462331880972446 26.312868930080462 0
    endloop
  endfacet
  facet normal -0.9723699203976761 0.2334453638559076 6.278110398977965e-20
    outer loop
      vertex 0.02462331880972446 26.312868930080462 0
      vertex 0.09788696740969294 26.618033988749893 8.5
      vertex 0.09788696740969294 26.618033988749893 0
    endloop
  endfacet
  facet normal -0.9238795325112876 0.38268343236508745 0
    outer loop
      vertex 0.09788696740969294 26.618033988749893 0
      vertex 0.09788696740969294 26.618033988749893 8.5
      vertex 0.2179869516232642 26.907980999479093 0
    endloop
  endfacet
  facet normal -0.8526401643540926 0.522498564715948 0
    outer loop
      vertex 0.2179869516232642 26.907980999479093 0
      vertex 0.2179869516232642 26.907980999479093 8.5
      vertex 0.3819660112501051 27.175570504584947 0
    endloop
  endfacet
  facet normal -0.7604059656000314 0.6494480483301831 4.786129881071063e-19
    outer loop
      vertex 0.3819660112501051 27.175570504584947 0
      vertex 0.5857864376269049 27.414213562373096 8.5
      vertex 0.5857864376269049 27.414213562373096 0
    endloop
  endfacet
  facet normal -0.649448048330179 0.760405965600035 -8.85984553208312e-19
    outer loop
      vertex 0.5857864376269049 27.414213562373096 0
      vertex 0.8244294954150537 27.618033988749893 8.5
      vertex 0.8244294954150537 27.618033988749893 0
    endloop
  endfacet
  facet normal -0.5224985647159545 0.8526401643540888 0
    outer loop
      vertex 0.8244294954150537 27.618033988749893 0
      vertex 0.8244294954150537 27.618033988749893 8.5
      vertex 1.0920190005209065 27.782013048376736 0
    endloop
  endfacet
  facet normal -0.3826834323650883 0.9238795325112873 0
    outer loop
      vertex 1.0920190005209065 27.782013048376736 0
      vertex 1.0920190005209065 27.782013048376736 8.5
      vertex 1.381966011250105 27.902113032590307 0
    endloop
  endfacet
  facet normal -0.23344536385590783 0.972369920397676 2.8296962965249574e-19
    outer loop
      vertex 1.381966011250105 27.902113032590307 0
      vertex 1.6871310699195383 27.975376681190276 8.5
      vertex 1.6871310699195383 27.975376681190276 0
    endloop
  endfacet
  facet normal -0.07845909572784186 0.9969173337331282 0
    outer loop
      vertex 1.6871310699195383 27.975376681190276 0
      vertex 1.6871310699195383 27.975376681190276 8.5
      vertex 2 28 0
    endloop
  endfacet
  facet normal -1 0 0
    outer loop
      vertex 0 17 6
      vertex 0 25 8.5
      vertex 0 26 0
    endloop
  endfacet
  facet normal -0.07845909572784185 0.9969173337331281 0
    outer loop
      vertex 2 28 0
      vertex 1.6871310699195383 27.975376681190276 8.5
      vertex 2 28 6.567384683690003
    endloop
  endfacet
  facet normal -1 0 0
    outer loop
      vertex 0 26 0
      vertex 0 25 8.5
      vertex 0 26 8.5
    endloop
  endfacet
  facet normal -0.9969173337331281 0.07845909572784451 0
    outer loop
      vertex 0.02462331880972446 26.312868930080462 0
      vertex 0 26 8.5
      vertex 0.02462331880972446 26.312868930080462 8.5
    endloop
  endfacet
  facet normal -0.9723699203976761 0.2334453638559076 0
    outer loop
      vertex 0.02462331880972446 26.312868930080462 0
      vertex 0.02462331880972446 26.312868930080462 8.5
      vertex 0.09788696740969294 26.618033988749893 8.5
    endloop
  endfacet
  facet normal -0.9238795325112876 0.38268343236508745 0
    outer loop
      vertex 0.2179869516232642 26.907980999479093 0
      vertex 0.09788696740969294 26.618033988749893 8.5
      vertex 0.2179869516232642 26.907980999479093 8.5
    endloop
  endfacet
  facet normal -0.8526401643540926 0.522498564715948 0
    outer loop
      vertex 0.3819660112501051 27.175570504584947 0
      vertex 0.2179869516232642 26.907980999479093 8.5
      vertex 0.3819660112501051 27.175570504584947 8.5
    endloop
  endfacet
  facet normal -0.7604059656000314 0.6494480483301831 0
    outer loop
      vertex 0.3819660112501051 27.175570504584947 0
      vertex 0.3819660112501051 27.175570504584947 8.5
      vertex 0.5857864376269049 27.414213562373096 8.5
    endloop
  endfacet
  facet normal -0.649448048330179 0.760405965600035 0
    outer loop
      vertex 0.5857864376269049 27.414213562373096 0
      vertex 0.5857864376269049 27.414213562373096 8.5
      vertex 0.8244294954150537 27.618033988749893 8.5
    endloop
  endfacet
  facet normal -0.5224985647159545 0.8526401643540888 0
    outer loop
      vertex 1.0920190005209065 27.782013048376736 0
      vertex 0.8244294954150537 27.618033988749893 8.5
      vertex 1.0920190005209065 27.782013048376736 8.5
    endloop
  endfacet
  facet normal -0.3826834323650883 0.9238795325112873 0
    outer loop
      vertex 1.381966011250105 27.902113032590307 0
      vertex 1.0920190005209065 27.782013048376736 8.5
      vertex 1.381966011250105 27.902113032590307 8.5
    endloop
  endfacet
  facet normal -0.23344536385590783 0.972369920397676 0
    outer loop
      vertex 1.381966011250105 27.902113032590307 0
      vertex 1.381966011250105 27.902113032590307 8.5
      vertex 1.6871310699195383 27.975376681190276 8.5
    endloop
  endfacet
  facet normal 0 0 -1
    outer loop
      vertex 0 2 0
      vertex 0 26 0
      vertex 21.575570504584945 27.618033988749893 0
    endloop
  endfacet
  facet normal 0 0 -1
    outer loop
      vertex 0 26 0
      vertex 0.02462331880972446 26.312868930080462 0
      vertex 21.575570504584945 27.618033988749893 0
    endloop
  endfacet
  facet normal 0 0 -1
    outer loop
      vertex 0.02462331880972446 26.312868930080462 0
      vertex 0.09788696740969294 26.618033988749893 0
      vertex 21.575570504584945 27.618033988749893 0
    endloop
  endfacet
  facet normal 0 0 -1
    outer loop
      vertex 0.09788696740969294 26.618033988749893 0
      vertex 0.2179869516232642 26.907980999479093 0
      vertex 21.575570504584945 27.618033988749893 0
    endloop
  endfacet
  facet normal 0 0 -1
    outer loop
      vertex 0.2179869516232642 26.907980999479093 0
      vertex 0.3819660112501051 27.175570504584947 0
      vertex 21.575570504584945 27.618033988749893 0
    endloop
  endfacet
  facet normal 0 0 -1
    outer loop
      vertex 0.3819660112501051 27.175570504584947 0
      vertex 0.5857864376269049 27.414213562373096 0
      vertex 21.575570504584945 27.618033988749893 0
    endloop
  endfacet
  facet normal 0 0 -1
    outer loop
      vertex 0.5857864376269049 27.414213562373096 0
      vertex 0.8244294954150537 27.618033988749893 0
      vertex 21.575570504584945 27.618033988749893 0
    endloop
  endfacet
  facet normal 0 0 -1
    outer loop
      vertex 0.8244294954150537 27.618033988749893 0
      vertex 1.0920190005209065 27.782013048376736 0
      vertex 21.575570504584945 27.618033988749893 0
    endloop
  endfacet
  facet normal 0 0 -1
    outer loop
      vertex 1.0920190005209065 27.782013048376736 0
      vertex 1.381966011250105 27.902113032590307 0
      vertex 21.575570504584945 27.618033988749893 0
    endloop
  endfacet
  facet normal 0 0 -1
    outer loop
      vertex 1.381966011250105 27.902113032590307 0
      vertex 1.6871310699195383 27.975376681190276 0
      vertex 21.575570504584945 27.618033988749893 0
    endloop
  endfacet
  facet normal 0 0 -1
    outer loop
      vertex 1.6871310699195383 27.975376681190276 0
      vertex 2 28 0
      vertex 21.575570504584945 27.618033988749893 0
    endloop
  endfacet
  facet normal 0 1 0
    outer loop
      vertex 2 28 0
      vertex 2 28 6.567384683690003
      vertex 20.4 28 6.567384683690003
    endloop
  endfacet
  facet normal -1 0 0
    outer loop
      vertex 0 2 8.5
      vertex 0 25 8.5
      vertex 0 17 6
    endloop
  endfacet
  facet normal 0 0 1
    outer loop
      vertex 0 2 8.5
      vertex 2 25 8.5
      vertex 0 25 8.5
    endloop
  endfacet
  facet normal -0.07845909572784186 0.9969173337331282 0
    outer loop
      vertex 2 28 6.567384683690003
      vertex 1.6871310699195383 27.975376681190276 8.5
      vertex 2 28 8.5
    endloop
  endfacet
  facet normal 0 0 1
    outer loop
      vertex 3 26 8.5
      vertex 19.4 26 8.5
      vertex 3 26.466307658154996 8.5
    endloop
  endfacet
  facet normal 0 -1 0
    outer loop
      vertex 6.449999999999999 0 2
      vertex 20.4 0 0
      vertex 15.95 0 2
    endloop
  endfacet
  facet normal 0 0 -1
    outer loop
      vertex 2 0 0
      vertex 21.575570504584945 27.618033988749893 0
      vertex 20.4 0 0
    endloop
  endfacet
  facet normal 0.07845909572784451 -0.9969173337331281 1.0874248041037447e-19
    outer loop
      vertex 20.4 0 0
      vertex 20.71286893008046 0.02462331880972446 0
      vertex 20.71286893008046 0.02462331880972446 8.5
    endloop
  endfacet
  facet normal 0.2334453638559076 -0.9723699203976761 0
    outer loop
      vertex 20.71286893008046 0.02462331880972446 0
      vertex 21.01803398874989 0.09788696740969294 0
      vertex 20.71286893008046 0.02462331880972446 8.5
    endloop
  endfacet
  facet normal 0.38268343236508745 -0.9238795325112876 3.0028627197523913e-19
    outer loop
      vertex 21.01803398874989 0.09788696740969294 0
      vertex 21.307980999479092 0.2179869516232642 0
      vertex 21.307980999479092 0.2179869516232642 8.5
    endloop
  endfacet
  facet normal 0.522498564715948 -0.8526401643540926 -9.948713932952135e-19
    outer loop
      vertex 21.307980999479092 0.2179869516232642 0
      vertex 21.575570504584945 0.3819660112501051 0
      vertex 21.575570504584945 0.3819660112501051 8.5
    endloop
  endfacet
  facet normal 0.6494480483301831 -0.7604059656000314 0
    outer loop
      vertex 21.575570504584945 0.3819660112501051 0
      vertex 21.814213562373094 0.5857864376269049 0
      vertex 21.575570504584945 0.3819660112501051 8.5
    endloop
  endfacet
  facet normal 0.760405965600035 -0.649448048330179 0
    outer loop
      vertex 21.814213562373094 0.5857864376269049 0
      vertex 22.01803398874989 0.8244294954150537 0
      vertex 21.814213562373094 0.5857864376269049 8.5
    endloop
  endfacet
  facet normal 0.8526401643540888 -0.5224985647159545 8.17740525750645e-19
    outer loop
      vertex 22.01803398874989 0.8244294954150537 0
      vertex 22.182013048376735 1.0920190005209065 0
      vertex 22.182013048376735 1.0920190005209065 8.5
    endloop
  endfacet
  facet normal 0.9238795325112873 -0.3826834323650883 0
    outer loop
      vertex 22.182013048376735 1.0920190005209065 0
      vertex 22.302113032590306 1.381966011250105 0
      vertex 22.182013048376735 1.0920190005209065 8.5
    endloop
  endfacet
  facet normal 0.972369920397676 -0.23344536385590783 0
    outer loop
      vertex 22.302113032590306 1.381966011250105 0
      vertex 22.375376681190275 1.6871310699195383 0
      vertex 22.302113032590306 1.381966011250105 8.5
    endloop
  endfacet
  facet normal 0.9969173337331282 -0.07845909572784186 1.494013482154653e-20
    outer loop
      vertex 22.375376681190275 1.6871310699195383 0
      vertex 22.4 2 0
      vertex 22.4 2 8.5
    endloop
  endfacet
  facet normal 0 -1 0
    outer loop
      vertex 15.95 0 2
      vertex 20.4 0 0
      vertex 20.4 0 8.5
    endloop
  endfacet
  facet normal 0 -1 0
    outer loop
      vertex 15.95 0 2
      vertex 20.4 0 8.5
      vertex 15.95 0 6.2
    endloop
  endfacet
  facet normal 0.07845909572784451 -0.9969173337331281 0
    outer loop
      vertex 20.4 0 0
      vertex 20.71286893008046 0.02462331880972446 8.5
      vertex 20.4 0 8.5
    endloop
  endfacet
  facet normal 0.2334453638559076 -0.9723699203976761 0
    outer loop
      vertex 21.01803398874989 0.09788696740969294 0
      vertex 21.01803398874989 0.09788696740969294 8.5
      vertex 20.71286893008046 0.02462331880972446 8.5
    endloop
  endfacet
  facet normal 0.38268343236508745 -0.9238795325112876 0
    outer loop
      vertex 21.01803398874989 0.09788696740969294 0
      vertex 21.307980999479092 0.2179869516232642 8.5
      vertex 21.01803398874989 0.09788696740969294 8.5
    endloop
  endfacet
  facet normal 0.522498564715948 -0.8526401643540926 0
    outer loop
      vertex 21.307980999479092 0.2179869516232642 0
      vertex 21.575570504584945 0.3819660112501051 8.5
      vertex 21.307980999479092 0.2179869516232642 8.5
    endloop
  endfacet
  facet normal 0.6494480483301831 -0.7604059656000314 0
    outer loop
      vertex 21.814213562373094 0.5857864376269049 0
      vertex 21.814213562373094 0.5857864376269049 8.5
      vertex 21.575570504584945 0.3819660112501051 8.5
    endloop
  endfacet
  facet normal 0.760405965600035 -0.649448048330179 0
    outer loop
      vertex 22.01803398874989 0.8244294954150537 0
      vertex 22.01803398874989 0.8244294954150537 8.5
      vertex 21.814213562373094 0.5857864376269049 8.5
    endloop
  endfacet
  facet normal 0.8526401643540888 -0.5224985647159545 0
    outer loop
      vertex 22.01803398874989 0.8244294954150537 0
      vertex 22.182013048376735 1.0920190005209065 8.5
      vertex 22.01803398874989 0.8244294954150537 8.5
    endloop
  endfacet
  facet normal 0.9238795325112873 -0.3826834323650883 0
    outer loop
      vertex 22.302113032590306 1.381966011250105 0
      vertex 22.302113032590306 1.381966011250105 8.5
      vertex 22.182013048376735 1.0920190005209065 8.5
    endloop
  endfacet
  facet normal 0.972369920397676 -0.23344536385590783 0
    outer loop
      vertex 22.375376681190275 1.6871310699195383 0
      vertex 22.375376681190275 1.6871310699195383 8.5
      vertex 22.302113032590306 1.381966011250105 8.5
    endloop
  endfacet
  facet normal 0.9969173337331282 -0.07845909572784186 0
    outer loop
      vertex 22.375376681190275 1.6871310699195383 0
      vertex 22.4 2 8.5
      vertex 22.375376681190275 1.6871310699195383 8.5
    endloop
  endfacet
  facet normal 0 0 -1
    outer loop
      vertex 20.4 0 0
      vertex 21.575570504584945 27.618033988749893 0
      vertex 20.71286893008046 0.02462331880972446 0
    endloop
  endfacet
  facet normal 0 0 -1
    outer loop
      vertex 20.71286893008046 0.02462331880972446 0
      vertex 21.575570504584945 27.618033988749893 0
      vertex 21.01803398874989 0.09788696740969294 0
    endloop
  endfacet
  facet normal 0 0 -1
    outer loop
      vertex 21.01803398874989 0.09788696740969294 0
      vertex 21.575570504584945 27.618033988749893 0
      vertex 21.307980999479092 0.2179869516232642 0
    endloop
  endfacet
  facet normal 0 0 -1
    outer loop
      vertex 21.307980999479092 0.2179869516232642 0
      vertex 21.575570504584945 27.618033988749893 0
      vertex 21.575570504584945 0.3819660112501051 0
    endloop
  endfacet
  facet normal 0 0 -1
    outer loop
      vertex 21.575570504584945 0.3819660112501051 0
      vertex 21.575570504584945 27.618033988749893 0
      vertex 21.814213562373094 0.5857864376269049 0
    endloop
  endfacet
  facet normal 0 0 -1
    outer loop
      vertex 21.814213562373094 0.5857864376269049 0
      vertex 21.575570504584945 27.618033988749893 0
      vertex 22.01803398874989 0.8244294954150537 0
    endloop
  endfacet
  facet normal 0 0 -1
    outer loop
      vertex 22.01803398874989 0.8244294954150537 0
      vertex 21.575570504584945 27.618033988749893 0
      vertex 22.182013048376735 1.0920190005209065 0
    endloop
  endfacet
  facet normal 0 0 -1
    outer loop
      vertex 22.182013048376735 1.0920190005209065 0
      vertex 21.575570504584945 27.618033988749893 0
      vertex 22.302113032590306 1.381966011250105 0
    endloop
  endfacet
  facet normal 0 0 -1
    outer loop
      vertex 22.302113032590306 1.381966011250105 0
      vertex 21.575570504584945 27.618033988749893 0
      vertex 22.375376681190275 1.6871310699195383 0
    endloop
  endfacet
  facet normal 0 0 -1
    outer loop
      vertex 22.375376681190275 1.6871310699195383 0
      vertex 21.575570504584945 27.618033988749893 0
      vertex 22.4 2 0
    endloop
  endfacet
  facet normal 1 0 0
    outer loop
      vertex 22.4 2 0
      vertex 22.4 26 0
      vertex 22.4 2 8.5
    endloop
  endfacet
  facet normal 0 -1 0
    outer loop
      vertex 2 0 8.5
      vertex 15.95 0 6.2
      vertex 20.4 0 8.5
    endloop
  endfacet
  facet normal 0 0 1
    outer loop
      vertex 2 2 8.5
      vertex 20.4 0 8.5
      vertex 20.4 2 8.5
    endloop
  endfacet
  facet normal 0 0 1
    outer loop
      vertex 20.4 0 8.5
      vertex 20.71286893008046 0.02462331880972446 8.5
      vertex 22.4 25 8.5
    endloop
  endfacet
  facet normal 0 0 1
    outer loop
      vertex 20.4 0 8.5
      vertex 22.4 25 8.5
      vertex 20.4 2 8.5
    endloop
  endfacet
  facet normal 0 0 1
    outer loop
      vertex 20.71286893008046 0.02462331880972446 8.5
      vertex 21.01803398874989 0.09788696740969294 8.5
      vertex 22.4 25 8.5
    endloop
  endfacet
  facet normal 0 0 1
    outer loop
      vertex 21.01803398874989 0.09788696740969294 8.5
      vertex 21.307980999479092 0.2179869516232642 8.5
      vertex 22.4 25 8.5
    endloop
  endfacet
  facet normal 0 0 1
    outer loop
      vertex 21.307980999479092 0.2179869516232642 8.5
      vertex 21.575570504584945 0.3819660112501051 8.5
      vertex 22.4 25 8.5
    endloop
  endfacet
  facet normal 0 0 1
    outer loop
      vertex 21.575570504584945 0.3819660112501051 8.5
      vertex 21.814213562373094 0.5857864376269049 8.5
      vertex 22.4 25 8.5
    endloop
  endfacet
  facet normal 0 0 1
    outer loop
      vertex 21.814213562373094 0.5857864376269049 8.5
      vertex 22.01803398874989 0.8244294954150537 8.5
      vertex 22.4 25 8.5
    endloop
  endfacet
  facet normal 0 0 1
    outer loop
      vertex 22.01803398874989 0.8244294954150537 8.5
      vertex 22.182013048376735 1.0920190005209065 8.5
      vertex 22.4 25 8.5
    endloop
  endfacet
  facet normal 0 0 1
    outer loop
      vertex 22.182013048376735 1.0920190005209065 8.5
      vertex 22.302113032590306 1.381966011250105 8.5
      vertex 22.4 25 8.5
    endloop
  endfacet
  facet normal 0 0 1
    outer loop
      vertex 22.302113032590306 1.381966011250105 8.5
      vertex 22.375376681190275 1.6871310699195383 8.5
      vertex 22.4 25 8.5
    endloop
  endfacet
  facet normal 0 0 1
    outer loop
      vertex 22.375376681190275 1.6871310699195383 8.5
      vertex 22.4 2 8.5
      vertex 22.4 25 8.5
    endloop
  endfacet
  facet normal 0 0 -1
    outer loop
      vertex 2 28 0
      vertex 20.4 28 0
      vertex 21.575570504584945 27.618033988749893 0
    endloop
  endfacet
  facet normal 0 1 0
    outer loop
      vertex 2 28 0
      vertex 20.4 28 6.567384683690003
      vertex 20.4 28 0
    endloop
  endfacet
  facet normal 0 0 -1
    outer loop
      vertex 22.4 2 0
      vertex 21.575570504584945 27.618033988749893 0
      vertex 22.4 26 0
    endloop
  endfacet
  facet normal 1 0 0
    outer loop
      vertex 22.4 2 8.5
      vertex 22.4 26 0
      vertex 22.4 25 8.5
    endloop
  endfacet
  facet normal 0 0 -1
    outer loop
      vertex 20.4 28 0
      vertex 20.71286893008046 27.975376681190276 0
      vertex 21.575570504584945 27.618033988749893 0
    endloop
  endfacet
  facet normal 0 0 -1
    outer loop
      vertex 22.302113032590306 26.618033988749893 0
      vertex 21.575570504584945 27.618033988749893 0
      vertex 22.182013048376735 26.907980999479093 0
    endloop
  endfacet
  facet normal 0 0 -1
    outer loop
      vertex 22.4 26 0
      vertex 21.575570504584945 27.618033988749893 0
      vertex 22.375376681190275 26.312868930080462 0
    endloop
  endfacet
  facet normal 0 0 -1
    outer loop
      vertex 22.375376681190275 26.312868930080462 0
      vertex 21.575570504584945 27.618033988749893 0
      vertex 22.302113032590306 26.618033988749893 0
    endloop
  endfacet
  facet normal 0 0 -1
    outer loop
      vertex 20.71286893008046 27.975376681190276 0
      vertex 21.01803398874989 27.902113032590307 0
      vertex 21.575570504584945 27.618033988749893 0
    endloop
  endfacet
  facet normal 0 0 -1
    outer loop
      vertex 21.01803398874989 27.902113032590307 0
      vertex 21.307980999479092 27.782013048376736 0
      vertex 21.575570504584945 27.618033988749893 0
    endloop
  endfacet
  facet normal 0 0 -1
    outer loop
      vertex 22.01803398874989 27.175570504584947 0
      vertex 21.575570504584945 27.618033988749893 0
      vertex 21.814213562373094 27.414213562373096 0
    endloop
  endfacet
  facet normal 0 0 -1
    outer loop
      vertex 22.01803398874989 27.175570504584947 0
      vertex 22.182013048376735 26.907980999479093 0
      vertex 21.575570504584945 27.618033988749893 0
    endloop
  endfacet
  facet normal 0.0784590957278417 0.9969173337331282 1.4092501985125885e-20
    outer loop
      vertex 20.4 28 0
      vertex 20.71286893008046 27.975376681190276 8.5
      vertex 20.71286893008046 27.975376681190276 0
    endloop
  endfacet
  facet normal 0.2334453638559096 0.9723699203976756 4.68258250896726e-19
    outer loop
      vertex 20.71286893008046 27.975376681190276 0
      vertex 21.01803398874989 27.902113032590307 8.5
      vertex 21.01803398874989 27.902113032590307 0
    endloop
  endfacet
  facet normal 0.9969173337331282 0.0784590957278417 1.4092501985125885e-20
    outer loop
      vertex 22.4 26 0
      vertex 22.375376681190275 26.312868930080462 0
      vertex 22.375376681190275 26.312868930080462 8.5
    endloop
  endfacet
  facet normal 0.9723699203976756 0.2334453638559096 0
    outer loop
      vertex 22.375376681190275 26.312868930080462 0
      vertex 22.302113032590306 26.618033988749893 0
      vertex 22.375376681190275 26.312868930080462 8.5
    endloop
  endfacet
  facet normal 0.9238795325112882 0.38268343236508634 1.1475451958139925e-18
    outer loop
      vertex 22.302113032590306 26.618033988749893 0
      vertex 22.182013048376735 26.907980999479093 0
      vertex 22.182013048376735 26.907980999479093 8.5
    endloop
  endfacet
  facet normal 0.8526401643540892 0.5224985647159538 4.967330670736733e-19
    outer loop
      vertex 22.01803398874989 27.175570504584947 0
      vertex 22.182013048376735 26.907980999479093 8.5
      vertex 22.182013048376735 26.907980999479093 0
    endloop
  endfacet
  facet normal 0.38268343236508634 0.9238795325112882 0
    outer loop
      vertex 21.01803398874989 27.902113032590307 0
      vertex 21.01803398874989 27.902113032590307 8.5
      vertex 21.307980999479092 27.782013048376736 0
    endloop
  endfacet
  facet normal 0.5224985647159538 0.8526401643540892 0
    outer loop
      vertex 21.307980999479092 27.782013048376736 0
      vertex 21.307980999479092 27.782013048376736 8.5
      vertex 21.575570504584945 27.618033988749893 0
    endloop
  endfacet
  facet normal 0.6494480483301787 0.7604059656000353 -4.724837534208383e-19
    outer loop
      vertex 21.575570504584945 27.618033988749893 0
      vertex 21.814213562373094 27.414213562373096 8.5
      vertex 21.814213562373094 27.414213562373096 0
    endloop
  endfacet
  facet normal 0.7604059656000353 0.6494480483301787 -4.724837534208383e-19
    outer loop
      vertex 22.01803398874989 27.175570504584947 0
      vertex 21.814213562373094 27.414213562373096 0
      vertex 21.814213562373094 27.414213562373096 8.5
    endloop
  endfacet
  facet normal 0.07845909572784171 0.9969173337331283 0
    outer loop
      vertex 20.4 28 0
      vertex 20.4 28 6.567384683690003
      vertex 20.71286893008046 27.975376681190276 8.5
    endloop
  endfacet
  facet normal 0.2334453638559096 0.9723699203976756 0
    outer loop
      vertex 20.71286893008046 27.975376681190276 0
      vertex 20.71286893008046 27.975376681190276 8.5
      vertex 21.01803398874989 27.902113032590307 8.5
    endloop
  endfacet
  facet normal 1 0 0
    outer loop
      vertex 22.4 26 0
      vertex 22.4 26 8.5
      vertex 22.4 25 8.5
    endloop
  endfacet
  facet normal 0.9969173337331282 0.0784590957278417 0
    outer loop
      vertex 22.4 26 0
      vertex 22.375376681190275 26.312868930080462 8.5
      vertex 22.4 26 8.5
    endloop
  endfacet
  facet normal 0.9238795325112882 0.38268343236508634 0
    outer loop
      vertex 22.302113032590306 26.618033988749893 0
      vertex 22.182013048376735 26.907980999479093 8.5
      vertex 22.302113032590306 26.618033988749893 8.5
    endloop
  endfacet
  facet normal 0.9723699203976756 0.2334453638559096 0
    outer loop
      vertex 22.302113032590306 26.618033988749893 0
      vertex 22.302113032590306 26.618033988749893 8.5
      vertex 22.375376681190275 26.312868930080462 8.5
    endloop
  endfacet
  facet normal 0.8526401643540892 0.5224985647159538 0
    outer loop
      vertex 22.01803398874989 27.175570504584947 0
      vertex 22.01803398874989 27.175570504584947 8.5
      vertex 22.182013048376735 26.907980999479093 8.5
    endloop
  endfacet
  facet normal 0.38268343236508634 0.9238795325112882 0
    outer loop
      vertex 21.307980999479092 27.782013048376736 0
      vertex 21.01803398874989 27.902113032590307 8.5
      vertex 21.307980999479092 27.782013048376736 8.5
    endloop
  endfacet
  facet normal 0.6494480483301787 0.7604059656000353 0
    outer loop
      vertex 21.575570504584945 27.618033988749893 0
      vertex 21.575570504584945 27.618033988749893 8.5
      vertex 21.814213562373094 27.414213562373096 8.5
    endloop
  endfacet
  facet normal 0.5224985647159538 0.8526401643540892 0
    outer loop
      vertex 21.575570504584945 27.618033988749893 0
      vertex 21.307980999479092 27.782013048376736 8.5
      vertex 21.575570504584945 27.618033988749893 8.5
    endloop
  endfacet
  facet normal 0.7604059656000353 0.6494480483301787 0
    outer loop
      vertex 22.01803398874989 27.175570504584947 0
      vertex 21.814213562373094 27.414213562373096 8.5
      vertex 22.01803398874989 27.175570504584947 8.5
    endloop
  endfacet
  facet normal 0 0 1
    outer loop
      vertex 3 26.466307658154996 8.5
      vertex 19.4 26 8.5
      vertex 19.4 26.466307658155 8.5
    endloop
  endfacet
  facet normal 0 0 1
    outer loop
      vertex 20.4 2 8.5
      vertex 22.4 25 8.5
      vertex 20.4 25 8.5
    endloop
  endfacet
  facet normal 0.07845909572784171 0.9969173337331282 0
    outer loop
      vertex 20.4 28 6.567384683690003
      vertex 20.4 28 8.5
      vertex 20.71286893008046 27.975376681190276 8.5
    endloop
  endfacet
  facet normal 0 -0.88248614894325 -0.4703383855516281
    outer loop
      vertex 0 25 8.5
      vertex 2 25 8.5
      vertex 2 24.272483689529082 9.865023750651133
    endloop
  endfacet
  facet normal -1 0 0
    outer loop
      vertex 0 25 8.5
      vertex 0 24.272483689529082 9.865023750651133
      vertex 0 24.030779148512156 11.391086162600576
    endloop
  endfacet
  facet normal -1.5764254720218335e-18 -0.9238795325112852 -0.3826834323650937
    outer loop
      vertex 0 24.272483689529082 9.865023750651133
      vertex 2 24.122358709262116 10.227457514062632
      vertex 0 24.122358709262116 10.227457514062632
    endloop
  endfacet
  facet normal -1 0 0
    outer loop
      vertex 0 25 8.5
      vertex 0 24.030779148512156 11.391086162600576
      vertex 0 26 8.5
    endloop
  endfacet
  facet normal 1.0896021751898726e-17 -0.88248614894325 -0.4703383855516281
    outer loop
      vertex 0 25 8.5
      vertex 2 24.272483689529082 9.865023750651133
      vertex 0 24.272483689529082 9.865023750651133
    endloop
  endfacet
  facet normal 0 -0.9238795325112852 -0.3826834323650937
    outer loop
      vertex 0 24.272483689529082 9.865023750651133
      vertex 2 24.272483689529082 9.865023750651133
      vertex 2 24.122358709262116 10.227457514062632
    endloop
  endfacet
  facet normal 0 0 -1
    outer loop
      vertex 0 26 8.5
      vertex 0 28 8.5
      vertex 0.02462331880972446 26.312868930080462 8.5
    endloop
  endfacet
  facet normal 0 0 -1
    outer loop
      vertex 0.02462331880972446 26.312868930080462 8.5
      vertex 0 28 8.5
      vertex 0.09788696740969294 26.618033988749893 8.5
    endloop
  endfacet
  facet normal 0 0 -1
    outer loop
      vertex 0.09788696740969294 26.618033988749893 8.5
      vertex 0 28 8.5
      vertex 0.2179869516232642 26.907980999479093 8.5
    endloop
  endfacet
  facet normal -1 0 0
    outer loop
      vertex 0 26 8.5
      vertex 0 24.030779148512156 11.391086162600576
      vertex 0 28 8.5
    endloop
  endfacet
  facet normal -1 0 0
    outer loop
      vertex 0 28 8.5
      vertex 0 24.030779148512156 11.391086162600576
      vertex 0 28.727516310470918 9.865023750651133
    endloop
  endfacet
  facet normal 0 0 -1
    outer loop
      vertex 0.2179869516232642 26.907980999479093 8.5
      vertex 0 28 8.5
      vertex 0.3819660112501051 27.175570504584947 8.5
    endloop
  endfacet
  facet normal 0 0 -1
    outer loop
      vertex 0.3819660112501051 27.175570504584947 8.5
      vertex 0 28 8.5
      vertex 0.5857864376269049 27.414213562373096 8.5
    endloop
  endfacet
  facet normal 0 0 -1
    outer loop
      vertex 0 28 8.5
      vertex 0.8244294954150537 27.618033988749893 8.5
      vertex 0.5857864376269049 27.414213562373096 8.5
    endloop
  endfacet
  facet normal 0 0 -1
    outer loop
      vertex 0 28 8.5
      vertex 1.0920190005209065 27.782013048376736 8.5
      vertex 0.8244294954150537 27.618033988749893 8.5
    endloop
  endfacet
  facet normal 0 0.88248614894325 -0.4703383855516281
    outer loop
